      Time          Lower         Middle          Upper
    4.4000      -1.585212      -0.893110       0.138829
    4.3990      -2.765784      -1.175427       0.157519
    4.3980      -2.799196      -1.395159       0.147528
    4.3970      -2.811685      -1.546413       0.127958
    4.3960      -2.818715      -1.639405       0.110596
    4.3950      -2.821721      -1.702614       0.097958
    4.3940      -2.824347      -1.754375       0.088469
    4.3930      -2.827867      -1.789103       0.077528
    4.3920      -2.828672      -1.817222       0.065969
    4.3910      -2.828817      -1.836429       0.054775
    4.3900      -2.830791      -1.848750       0.045306
    4.3890      -2.832254      -1.868214       0.039625
    4.3880      -2.831415      -1.881452       0.026292
    4.3870      -2.832968      -1.902714       0.015250
    4.3860      -2.834539      -1.904861       0.012536
    4.3850      -2.831899      -1.915625       0.002536
    4.3840      -2.832802      -1.925000      -0.002016
    4.3830      -2.835496      -1.934423      -0.007779
    4.3820      -2.835121      -1.941154      -0.009354
    4.3810      -2.835121      -1.942679      -0.010250
    4.3800      -2.834444      -1.953393      -0.015375
    4.3790      -2.836253      -1.954821      -0.021361
    4.3780      -2.836825      -1.955962      -0.026531
    4.3770      -2.836403      -1.963500      -0.038225
    4.3760      -2.835361      -1.973971      -0.039225
    4.3750      -2.836143      -1.974130      -0.047464
    4.3740      -2.836027      -1.978167      -0.052472
    4.3730      -2.837191      -1.974310      -0.061531
    4.3720      -2.837256      -1.978953      -0.061225
    4.3710      -2.836438      -1.988906      -0.070205
    4.3700      -2.839099      -1.993537      -0.073018
    4.3690      -2.836029      -1.988167      -0.075225
    4.3680      -2.838103      -1.989861      -0.076327
    4.3670      -2.837706      -1.991383      -0.083063
    4.3660      -2.838580      -1.991250      -0.086531
    4.3650      -2.840250      -1.994697      -0.092472
    4.3640      -2.838373      -1.999583      -0.094607
    4.3630      -2.837758      -1.998902      -0.098708
    4.3620      -2.838871      -1.993649      -0.104450
    4.3610      -2.839668      -1.994394      -0.108708
    4.3600      -2.838024      -1.996892      -0.107464
    4.3590      -2.838579      -1.994833      -0.118063
    4.3580      -2.840604      -1.998333      -0.122781
    4.3570      -2.840254      -1.999595      -0.125375
    4.3560      -2.838918      -2.000405      -0.126225
    4.3550      -2.840837      -1.993148      -0.126917
    4.3540      -2.840119      -2.000128      -0.130205
    4.3530      -2.840257      -2.001875      -0.133583
    4.3520      -2.840396      -1.999194      -0.139225
    4.3510      -2.840265      -1.999531      -0.139354
    4.3500      -2.842279      -1.994464      -0.147464
    4.3490      -2.841497      -1.997237      -0.155225
    4.3480      -2.843105      -1.996618      -0.155659
    4.3470      -2.841518      -1.994362      -0.162450
    4.3460      -2.841766      -1.993205      -0.170321
    4.3450      -2.842239      -1.998125      -0.173708
    4.3440      -2.842370      -1.994833      -0.170942
    4.3430      -2.843078      -1.992083      -0.172781
    4.3420      -2.842963      -1.990625      -0.182472
    4.3410      -2.844135      -1.992879      -0.175806
    4.3400      -2.843559      -1.991410      -0.182042
    4.3390      -2.843352      -1.991216      -0.180450
    4.3380      -2.842544      -1.987121      -0.185281
    4.3370      -2.842908      -1.987500      -0.188893
    4.3360      -2.844194      -1.986860      -0.192472
    4.3350      -2.844146      -1.979906      -0.197042
    4.3340      -2.844539      -1.984459      -0.192450
    4.3330      -2.843629      -1.984024      -0.195375
    4.3320      -2.845602      -1.988077      -0.204225
    4.3310      -2.844490      -1.987083      -0.207477
    4.3300      -2.846290      -1.980556      -0.207688
    4.3290      -2.846464      -1.976250      -0.211854
    4.3280      -2.845891      -1.974844      -0.214225
    4.3270      -2.844729      -1.971552      -0.222932
    4.3260      -2.845040      -1.972763      -0.219225
    4.3250      -2.846746      -1.968594      -0.227225
    4.3240      -2.845909      -1.968676      -0.230942
    4.3230      -2.845510      -1.968523      -0.232304
    4.3220      -2.846306      -1.962500      -0.236036
    4.3210      -2.845434      -1.962838      -0.237477
    4.3200      -2.845682      -1.956477      -0.237464
    4.3190      -2.846774      -1.956094      -0.241589
    4.3180      -2.846997      -1.955571      -0.241854
    4.3170      -2.846683      -1.950833      -0.240225
    4.3160      -2.847812      -1.945303      -0.244607
    4.3150      -2.847350      -1.945735      -0.247865
    4.3140      -2.846358      -1.943833      -0.252932
    4.3130      -2.847244      -1.943750      -0.251225
    4.3120      -2.848228      -1.942031      -0.255225
    4.3110      -2.848802      -1.939884      -0.255806
    4.3100      -2.847747      -1.934535      -0.263708
    4.3090      -2.848796      -1.932143      -0.271589
    4.3080      -2.848230      -1.933452      -0.269031
    4.3070      -2.848922      -1.933472      -0.267781
    4.3060      -2.849491      -1.926094      -0.267464
    4.3050      -2.849413      -1.927262      -0.275806
    4.3040      -2.849241      -1.922625      -0.276568
    4.3030      -2.848370      -1.920147      -0.281021
    4.3020      -2.849827      -1.917159      -0.278635
    4.3010      -2.849858      -1.915256      -0.284750
    4.3000      -2.850116      -1.917375      -0.288386
    4.2990      -2.851417      -1.913537      -0.288635
    4.2980      -2.848797      -1.912778      -0.291854
    4.2970      -2.849581      -1.910658      -0.294019
    4.2960      -2.849972      -1.902073      -0.295483
    4.2950      -2.851155      -1.899875      -0.301750
    4.2940      -2.849845      -1.896029      -0.301021
    4.2930      -2.851504      -1.895147      -0.298028
    4.2920      -2.851585      -1.892386      -0.310281
    4.2910      -2.851577      -1.886282      -0.311225
    4.2900      -2.851585      -1.888854      -0.310375
    4.2890      -2.851577      -1.882949      -0.312225
    4.2880      -2.852644      -1.883537      -0.310225
    4.2870      -2.851858      -1.877308      -0.307464
    4.2860      -2.850746      -1.875568      -0.308708
    4.2850      -2.852608      -1.873788      -0.312932
    4.2840      -2.853643      -1.870405      -0.316225
    4.2830      -2.852296      -1.864592      -0.318225
    4.2820      -2.852709      -1.859875      -0.322225
    4.2810      -2.852845      -1.855962      -0.324607
    4.2800      -2.852539      -1.858152      -0.323225
    4.2790      -2.851602      -1.850357      -0.325225
    4.2780      -2.852465      -1.848088      -0.327225
    4.2770      -2.853734      -1.844429      -0.331750
    4.2760      -2.853451      -1.844432      -0.339225
    4.2750      -2.852983      -1.838846      -0.337225
    4.2740      -2.852951      -1.841711      -0.338028
    4.2730      -2.853396      -1.834625      -0.344607
    4.2720      -2.852663      -1.832097      -0.342932
    4.2710      -2.853715      -1.825132      -0.342932
    4.2700      -2.854539      -1.820897      -0.343225
    4.2690      -2.854061      -1.821923      -0.344031
    4.2680      -2.853512      -1.816429      -0.349139
    4.2670      -2.854057      -1.809419      -0.348225
    4.2660      -2.853559      -1.808778      -0.345806
    4.2650      -2.854892      -1.807308      -0.349404
    4.2640      -2.855408      -1.805000      -0.357477
    4.2630      -2.854480      -1.802027      -0.362781
    4.2620      -2.855044      -1.799667      -0.360321
    4.2610      -2.856027      -1.796912      -0.366450
    4.2600      -2.855234      -1.794583      -0.368893
    4.2590      -2.855524      -1.791444      -0.368893
    4.2580      -2.855185      -1.783375      -0.367464
    4.2570      -2.855240      -1.780375      -0.368028
    4.2560      -2.855240      -1.779881      -0.369225
    4.2550      -2.855794      -1.779615      -0.367865
    4.2540      -2.856585      -1.773068      -0.370450
    4.2530      -2.856392      -1.769651      -0.378225
    4.2520      -2.854814      -1.768077      -0.381114
    4.2510      -2.856174      -1.763293      -0.380188
    4.2500      -2.856447      -1.765256      -0.380250
    4.2490      -2.856402      -1.759896      -0.380281
    4.2480      -2.857693      -1.751170      -0.381750
    4.2470      -2.856165      -1.750106      -0.382042
    4.2460      -2.856392      -1.743281      -0.378708
    4.2450      -2.856597      -1.741562      -0.388450
    4.2440      -2.857229      -1.736091      -0.386917
    4.2430      -2.856637      -1.736395      -0.389295
    4.2420      -2.857041      -1.734231      -0.388893
    4.2410      -2.855974      -1.728878      -0.394607
    4.2400      -2.857244      -1.728871      -0.391225
    4.2390      -2.856452      -1.723667      -0.391854
    4.2380      -2.857202      -1.715900      -0.393583
    4.2370      -2.857450      -1.712551      -0.395375
    4.2360      -2.858631      -1.712347      -0.400450
    4.2350      -2.856871      -1.710641      -0.407464
    4.2340      -2.856642      -1.705114      -0.404019
    4.2330      -2.856729      -1.699889      -0.401854
    4.2320      -2.857845      -1.698404      -0.400321
    4.2310      -2.857292      -1.694796      -0.405659
    4.2300      -2.857588      -1.696042      -0.402042
    4.2290      -2.858858      -1.691548      -0.407464
    4.2280      -2.857101      -1.690096      -0.403583
    4.2270      -2.856972      -1.687195      -0.404450
    4.2260      -2.857722      -1.680357      -0.400750
    4.2250      -2.857168      -1.680490      -0.403179
    4.2240      -2.857267      -1.678659      -0.411225
    4.2230      -2.857097      -1.671705      -0.406327
    4.2220      -2.858163      -1.667100      -0.408521
    4.2210      -2.857938      -1.662237      -0.407688
    4.2200      -2.858304      -1.657564      -0.413708
    4.2190      -2.859157      -1.656026      -0.414031
    4.2180      -2.857563      -1.652935      -0.419225
    4.2170      -2.857330      -1.650300      -0.419295
    4.2160      -2.856753      -1.644479      -0.417688
    4.2150      -2.858427      -1.644592      -0.417304
    4.2140      -2.857608      -1.639432      -0.418893
    4.2130      -2.858024      -1.635233      -0.420321
    4.2120      -2.858304      -1.634487      -0.421750
    4.2110      -2.858023      -1.627604      -0.424694
    4.2100      -2.860216      -1.622959      -0.421531
    4.2090      -2.857804      -1.624022      -0.423732
    4.2080      -2.857537      -1.621038      -0.425659
    4.2070      -2.856997      -1.615100      -0.428635
    4.2060      -2.856599      -1.611641      -0.429295
    4.2050      -2.858496      -1.606525      -0.429354
    4.2040      -2.856682      -1.600660      -0.432472
    4.2030      -2.856961      -1.600636      -0.437225
    4.2020      -2.857267      -1.599625      -0.436589
    4.2010      -2.856396      -1.594756      -0.438028
    4.2000      -2.856545      -1.589286      -0.439354
    4.1990      -2.856513      -1.588721      -0.438386
    4.1980      -2.855541      -1.580854      -0.437477
    4.1970      -2.855663      -1.579457      -0.440188
    4.1960      -2.857845      -1.571809      -0.440817
    4.1950      -2.855185      -1.570114      -0.439544
    4.1940      -2.856408      -1.569904      -0.442023
    4.1930      -2.856534      -1.567632      -0.448028
    4.1920      -2.857309      -1.562455      -0.448521
    4.1910      -2.856344      -1.557262      -0.448732
    4.1900      -2.856581      -1.552059      -0.450225
    4.1890      -2.855780      -1.547083      -0.448817
    4.1880      -2.855658      -1.547444      -0.449404
    4.1870      -2.855475      -1.544623      -0.452688
    4.1860      -2.855884      -1.541979      -0.451361
    4.1850      -2.855484      -1.538900      -0.452688
    4.1840      -2.855997      -1.538295      -0.453225
    4.1830      -2.855385      -1.537685      -0.458386
    4.1820      -2.855682      -1.531585      -0.464694
    4.1810      -2.856472      -1.531442      -0.464225
    4.1800      -2.855679      -1.526413      -0.464354
    4.1790      -2.856415      -1.524740      -0.465659
    4.1780      -2.855121      -1.519327      -0.465659
    4.1770      -2.855038      -1.515700      -0.466036
    4.1760      -2.854851      -1.511102      -0.467477
    4.1750      -2.854764      -1.509052      -0.464354
    4.1740      -2.855108      -1.504271      -0.469404
    4.1730      -2.855240      -1.503852      -0.469225
    4.1720      -2.854511      -1.496020      -0.471361
    4.1710      -2.855755      -1.492018      -0.472042
    4.1700      -2.855437      -1.492019      -0.473225
    4.1690      -2.854379      -1.489224      -0.475281
    4.1680      -2.855489      -1.488509      -0.474446
    4.1670      -2.854097      -1.482288      -0.475225
    4.1660      -2.855114      -1.478415      -0.474607
    4.1650      -2.854032      -1.475000      -0.473063
    4.1640      -2.854480      -1.472551      -0.480141
    4.1630      -2.854030      -1.469712      -0.480817
    4.1620      -2.854965      -1.466959      -0.479295
    4.1610      -2.854254      -1.463431      -0.481114
    4.1600      -2.854629      -1.462358      -0.485659
    4.1590      -2.852735      -1.459906      -0.481712
    4.1580      -2.854764      -1.456475      -0.481854
    4.1570      -2.854972      -1.455526      -0.484817
    4.1560      -2.855296      -1.451172      -0.486225
    4.1550      -2.853786      -1.448482      -0.488386
    4.1540      -2.853148      -1.445703      -0.489031
    4.1530      -2.853867      -1.444206      -0.493521
    4.1520      -2.853805      -1.437131      -0.494354
    4.1510      -2.853591      -1.430673      -0.496327
    4.1500      -2.853918      -1.431500      -0.500817
    4.1490      -2.850590      -1.429250      -0.499225
    4.1480      -2.851812      -1.427188      -0.496817
    4.1470      -2.851090      -1.424589      -0.501854
    4.1460      -2.852339      -1.423017      -0.500188
    4.1450      -2.851879      -1.418231      -0.502817
    4.1440      -2.853129      -1.416591      -0.504788
    4.1430      -2.850149      -1.413790      -0.503841
    4.1420      -2.852422      -1.412652      -0.506854
    4.1410      -2.852943      -1.409712      -0.507477
    4.1400      -2.853570      -1.406045      -0.508635
    4.1390      -2.852674      -1.401444      -0.509483
    4.1380      -2.851255      -1.401949      -0.509483
    4.1370      -2.850155      -1.398017      -0.508539
    4.1360      -2.850674      -1.396917      -0.508018
    4.1350      -2.850651      -1.394216      -0.510645
    4.1340      -2.849678      -1.389507      -0.508018
    4.1330      -2.849964      -1.385656      -0.509354
    4.1320      -2.848754      -1.384554      -0.511589
    4.1310      -2.847928      -1.382045      -0.509483
    4.1300      -2.847574      -1.379632      -0.512150
    4.1290      -2.849965      -1.378203      -0.513521
    4.1280      -2.849773      -1.374662      -0.511114
    4.1270      -2.848996      -1.367933      -0.511750
    4.1260      -2.849143      -1.366083      -0.520113
    4.1250      -2.848148      -1.362721      -0.522012
    4.1240      -2.848028      -1.362177      -0.521897
    4.1230      -2.849629      -1.357029      -0.520721
    4.1220      -2.847832      -1.353355      -0.522113
    4.1210      -2.846527      -1.349936      -0.518956
    4.1200      -2.844297      -1.347933      -0.523074
    4.1190      -2.846111      -1.346159      -0.521589
    4.1180      -2.846534      -1.344851      -0.522225
    4.1170      -2.846742      -1.340515      -0.525225
    4.1160      -2.845746      -1.336096      -0.526327
    4.1150      -2.847015      -1.334104      -0.526854
    4.1140      -2.846567      -1.333852      -0.525659
    4.1130      -2.846452      -1.330634      -0.530766
    4.1120      -2.844267      -1.328986      -0.534750
    4.1110      -2.845865      -1.324932      -0.533250
    4.1100      -2.844444      -1.322193      -0.536327
    4.1090      -2.844225      -1.323581      -0.533521
    4.1080      -2.845232      -1.320696      -0.533732
    4.1070      -2.843203      -1.319537      -0.534446
    4.1060      -2.843352      -1.317836      -0.535161
    4.1050      -2.843061      -1.315234      -0.536589
    4.1040      -2.841995      -1.313629      -0.533841
    4.1030      -2.842955      -1.310974      -0.533521
    4.1020      -2.844697      -1.308284      -0.534019
    4.1010      -2.842254      -1.303933      -0.534225
    4.1000      -2.839799      -1.301984      -0.535558
    4.0990      -2.839962      -1.300549      -0.535483
    4.0980      -2.839471      -1.299568      -0.538635
    4.0970      -2.838754      -1.298542      -0.537096
    4.0960      -2.841155      -1.296728      -0.537304
    4.0950      -2.841388      -1.294728      -0.537477
    4.0940      -2.838526      -1.291687      -0.538225
    4.0930      -2.839728      -1.288797      -0.541361
    4.0920      -2.837676      -1.286549      -0.543225
    4.0910      -2.837832      -1.285260      -0.544750
    4.0900      -2.836473      -1.282566      -0.541589
    4.0890      -2.837283      -1.278103      -0.542817
    4.0880      -2.837506      -1.274830      -0.543250
    4.0870      -2.835297      -1.271494      -0.543583
    4.0860      -2.837903      -1.268623      -0.547225
    4.0850      -2.837457      -1.268258      -0.551309
    4.0840      -2.838034      -1.265655      -0.550875
    4.0830      -2.834470      -1.264015      -0.552150
    4.0820      -2.831728      -1.263941      -0.553483
    4.0810      -2.832560      -1.260169      -0.550205
    4.0800      -2.832755      -1.258986      -0.549066
    4.0790      -2.832125      -1.257069      -0.549404
    4.0780      -2.831994      -1.253092      -0.549354
    4.0770      -2.830617      -1.252500      -0.551483
    4.0760      -2.831463      -1.251062      -0.553662
    4.0750      -2.828726      -1.249207      -0.555558
    4.0740      -2.829953      -1.250536      -0.555141
    4.0730      -2.828321      -1.248239      -0.555483
    4.0720      -2.826355      -1.245723      -0.557096
    4.0710      -2.826323      -1.242229      -0.556792
    4.0700      -2.826203      -1.239851      -0.560141
    4.0690      -2.826828      -1.238048      -0.559544
    4.0680      -2.825050      -1.235298      -0.561171
    4.0670      -2.823756      -1.234187      -0.560161
    4.0660      -2.823585      -1.233315      -0.560173
    4.0650      -2.823994      -1.230061      -0.560161
    4.0640      -2.826038      -1.228389      -0.561113
    4.0630      -2.822117      -1.228438      -0.562224
    4.0620      -2.822508      -1.226888      -0.562347
    4.0610      -2.822962      -1.226368      -0.562485
    4.0600      -2.822194      -1.226833      -0.561309
    4.0590      -2.821481      -1.225134      -0.562304
    4.0580      -2.821411      -1.222573      -0.561021
    4.0570      -2.819457      -1.220602      -0.563521
    4.0560      -2.819942      -1.218551      -0.564694
    4.0550      -2.817036      -1.217740      -0.565659
    4.0540      -2.818463      -1.215658      -0.569139
    4.0530      -2.817390      -1.214278      -0.570118
    4.0520      -2.817944      -1.213450      -0.569544
    4.0510      -2.816973      -1.211651      -0.570173
    4.0500      -2.814221      -1.210931      -0.572016
    4.0490      -2.814949      -1.209034      -0.571309
    4.0480      -2.811994      -1.207897      -0.572932
    4.0470      -2.811944      -1.207974      -0.573250
    4.0460      -2.812506      -1.204669      -0.575188
    4.0450      -2.810323      -1.203010      -0.573841
    4.0440      -2.812581      -1.203205      -0.576854
    4.0430      -2.813371      -1.203505      -0.578018
    4.0420      -2.810235      -1.202207      -0.577016
    4.0410      -2.810771      -1.201911      -0.577016
    4.0400      -2.811218      -1.200943      -0.576854
    4.0390      -2.809578      -1.199037      -0.578018
    4.0380      -2.807079      -1.197137      -0.578635
    4.0370      -2.809319      -1.197792      -0.577688
    4.0360      -2.806925      -1.197808      -0.580281
    4.0350      -2.809887      -1.196602      -0.582817
    4.0340      -2.804925      -1.194871      -0.584838
    4.0330      -2.805089      -1.193419      -0.586327
    4.0320      -2.802185      -1.192107      -0.587688
    4.0310      -2.801910      -1.191815      -0.589354
    4.0300      -2.797606      -1.189741      -0.590102
    4.0290      -2.798258      -1.187797      -0.590102
    4.0280      -2.799467      -1.186955      -0.592375
    4.0270      -2.794913      -1.187331      -0.592707
    4.0260      -2.794685      -1.185962      -0.592964
    4.0250      -2.794925      -1.184067      -0.593440
    4.0240      -2.793620      -1.183800      -0.594613
    4.0230      -2.794655      -1.182575      -0.594648
    4.0220      -2.796859      -1.181473      -0.594113
    4.0210      -2.794477      -1.181099      -0.594329
    4.0200      -2.788992      -1.180034      -0.594613
    4.0190      -2.790287      -1.178931      -0.594113
    4.0180      -2.783888      -1.178500      -0.595113
    4.0170      -2.785510      -1.177393      -0.597779
    4.0160      -2.783815      -1.175968      -0.599592
    4.0150      -2.784060      -1.176321      -0.599631
    4.0140      -2.787387      -1.175736      -0.600090
    4.0130      -2.782946      -1.174613      -0.599066
    4.0120      -2.781716      -1.173033      -0.599193
    4.0110      -2.782750      -1.172248      -0.602012
    4.0100      -2.779578      -1.171646      -0.602010
    4.0090      -2.776213      -1.171340      -0.602223
    4.0080      -2.772387      -1.171069      -0.603010
    4.0070      -2.774092      -1.170556      -0.602594
    4.0060      -2.772221      -1.169667      -0.603548
    4.0050      -2.771850      -1.168980      -0.606113
    4.0040      -2.768240      -1.168584      -0.606625
    4.0030      -2.766926      -1.167370      -0.606961
    4.0020      -2.768764      -1.166630      -0.605102
    4.0010      -2.765671      -1.166586      -0.605690
    4.0000      -2.766888      -1.166006      -0.607054
    3.9990      -2.765484      -1.164939      -0.607054
    3.9980      -2.759893      -1.164531      -0.607177
    3.9970      -2.759355      -1.163914      -0.608427
    3.9960      -2.759319      -1.163503      -0.608231
    3.9950      -2.754898      -1.162594      -0.608972
    3.9940      -2.751982      -1.162219      -0.610107
    3.9930      -2.751982      -1.162239      -0.610113
    3.9920      -2.751452      -1.161194      -0.609193
    3.9910      -2.745740      -1.160665      -0.610583
    3.9900      -2.739893      -1.159647      -0.612272
    3.9890      -2.742097      -1.159422      -0.612375
    3.9880      -2.739355      -1.158576      -0.614011
    3.9870      -2.735162      -1.157761      -0.615613
    3.9860      -2.735352      -1.157620      -0.617903
    3.9850      -2.736338      -1.156713      -0.618458
    3.9840      -2.736888      -1.156476      -0.618284
    3.9830      -2.734618      -1.155884      -0.619155
    3.9820      -2.733183      -1.156006      -0.620078
    3.9810      -2.726926      -1.156171      -0.619014
    3.9800      -2.725850      -1.155753      -0.620583
    3.9790      -2.721542      -1.154972      -0.620967
    3.9780      -2.716424      -1.154299      -0.621194
    3.9770      -2.717850      -1.154477      -0.621509
    3.9760      -2.716750      -1.154322      -0.621690
    3.9750      -2.707850      -1.153983      -0.620967
    3.9740      -2.707528      -1.152681      -0.622570
    3.9730      -2.699058      -1.151564      -0.622490
    3.9720      -2.693775      -1.151441      -0.621690
    3.9710      -2.690596      -1.151181      -0.622707
    3.9700      -2.689625      -1.150387      -0.622964
    3.9690      -2.688469      -1.149857      -0.624011
    3.9680      -2.679812      -1.149435      -0.624446
    3.9670      -2.679719      -1.149055      -0.625113
    3.9660      -2.678250      -1.147686      -0.625382
    3.9650      -2.668639      -1.147725      -0.626434
    3.9640      -2.665981      -1.148147      -0.627191
    3.9630      -2.664719      -1.147443      -0.626620
    3.9620      -2.651775      -1.146734      -0.628613
    3.9610      -2.644194      -1.146596      -0.628679
    3.9600      -2.648469      -1.146257      -0.630422
    3.9590      -2.641107      -1.146250      -0.631040
    3.9580      -2.636159      -1.145216      -0.631008
    3.9570      -2.629625      -1.145131      -0.631008
    3.9560      -2.620861      -1.144335      -0.631537
    3.9550      -2.604775      -1.144094      -0.631802
    3.9540      -2.612219      -1.142825      -0.631509
    3.9530      -2.609795      -1.142853      -0.632570
    3.9520      -2.613432      -1.142672      -0.632075
    3.9510      -2.607850      -1.142135      -0.632836
    3.9500      -2.597528      -1.141719      -0.634317
    3.9490      -2.601775      -1.141894      -0.634009
    3.9480      -2.595981      -1.141303      -0.633787
    3.9470      -2.587550      -1.142043      -0.634408
    3.9460      -2.572958      -1.140758      -0.634366
    3.9450      -2.567219      -1.141236      -0.634880
    3.9440      -2.558250      -1.141036      -0.636090
    3.9430      -2.536159      -1.141194      -0.636620
    3.9420      -2.537958      -1.140522      -0.635690
    3.9410      -2.536292      -1.140342      -0.635639
    3.9400      -2.531107      -1.139309      -0.635927
    3.9390      -2.527775      -1.139282      -0.636509
    3.9380      -2.523083      -1.138972      -0.635795
    3.9370      -2.498775      -1.138629      -0.637010
    3.9360      -2.494438      -1.137984      -0.637290
    3.9350      -2.498250      -1.137541      -0.639343
    3.9340      -2.506292      -1.137652      -0.641290
    3.9330      -2.482958      -1.137237      -0.641760
    3.9320      -2.466417      -1.136885      -0.643010
    3.9310      -2.452958      -1.136601      -0.642090
    3.9300      -2.431292      -1.135767      -0.642177
    3.9290      -2.422583      -1.135672      -0.643548
    3.9280      -2.412958      -1.135467      -0.644490
    3.9270      -2.407219      -1.134949      -0.645102
    3.9260      -2.401937      -1.134568      -0.644880
    3.9250      -2.402219      -1.134574      -0.644869
    3.9240      -2.397550      -1.134714      -0.647375
    3.9230      -2.377550      -1.134489      -0.647394
    3.9220      -2.381550      -1.134109      -0.648739
    3.9210      -2.369775      -1.134223      -0.649260
    3.9200      -2.362958      -1.133737      -0.649702
    3.9190      -2.361292      -1.133608      -0.651194
    3.9180      -2.343083      -1.133288      -0.651194
    3.9170      -2.332958      -1.132401      -0.649702
    3.9160      -2.326292      -1.131782      -0.650118
    3.9150      -2.319625      -1.131410      -0.651402
    3.9140      -2.314812      -1.131277      -0.651466
    3.9130      -2.313469      -1.130866      -0.650557
    3.9120      -2.296292      -1.130145      -0.650098
    3.9110      -2.294437      -1.129658      -0.648890
    3.9100      -2.269813      -1.129583      -0.651171
    3.9090      -2.265917      -1.129971      -0.651011
    3.9080      -2.258250      -1.130026      -0.651171
    3.9070      -2.248469      -1.129915      -0.651236
    3.9060      -2.253550      -1.129188      -0.650118
    3.9050      -2.254437      -1.128719      -0.651897
    3.9040      -2.234775      -1.128417      -0.651920
    3.9030      -2.224438      -1.128260      -0.652964
    3.9020      -2.207219      -1.128257      -0.652177
    3.9010      -2.211107      -1.128075      -0.652707
    3.9000      -2.218639      -1.128699      -0.652594
    3.8990      -2.196479      -1.127682      -0.654157
    3.8980      -2.185250      -1.127830      -0.654393
    3.8970      -2.189750      -1.127324      -0.654260
    3.8960      -2.169795      -1.127415      -0.654677
    3.8950      -2.165550      -1.127265      -0.654648
    3.8940      -2.159750      -1.127229      -0.655681
    3.8930      -2.149812      -1.126829      -0.655681
    3.8920      -2.147528      -1.126250      -0.655908
    3.8910      -2.151107      -1.126102      -0.657191
    3.8900      -2.141107      -1.125689      -0.657487
    3.8890      -2.135393      -1.125655      -0.657613
    3.8880      -2.136292      -1.125503      -0.659014
    3.8870      -2.118639      -1.125076      -0.659014
    3.8860      -2.122536      -1.124566      -0.659592
    3.8850      -2.115646      -1.124275      -0.662090
    3.8840      -2.109775      -1.124525      -0.662306
    3.8830      -2.104341      -1.124267      -0.661565
    3.8820      -2.093775      -1.124167      -0.661866
    3.8810      -2.085775      -1.124442      -0.661690
    3.8800      -2.083469      -1.124062      -0.662010
    3.8790      -2.071850      -1.124104      -0.662836
    3.8780      -2.068886      -1.124217      -0.663298
    3.8770      -2.065306      -1.123908      -0.662676
    3.8760      -2.067219      -1.123732      -0.662490
    3.8750      -2.054775      -1.123565      -0.662938
    3.8740      -2.059679      -1.123309      -0.662938
    3.8730      -2.049719      -1.123554      -0.664260
    3.8720      -2.052958      -1.123422      -0.664490
    3.8710      -2.035969      -1.122805      -0.664528
    3.8700      -2.034341      -1.122487      -0.665080
    3.8690      -2.019625      -1.122702      -0.665750
    3.8680      -2.005775      -1.122756      -0.666011
    3.8670      -2.007977      -1.122601      -0.665315
    3.8660      -2.006750      -1.122273      -0.665750
    3.8650      -1.989795      -1.123103      -0.666490
    3.8640      -1.987068      -1.122949      -0.667010
    3.8630      -1.981292      -1.122832      -0.668359
    3.8620      -1.982583      -1.122418      -0.669631
    3.8610      -1.982536      -1.122436      -0.670967
    3.8600      -1.985393      -1.122208      -0.670490
    3.8590      -1.974775      -1.122161      -0.669663
    3.8580      -1.955306      -1.121746      -0.669260
    3.8570      -1.953964      -1.122143      -0.668782
    3.8560      -1.967775      -1.121440      -0.669733
    3.8550      -1.956417      -1.122237      -0.672010
    3.8540      -1.946750      -1.121625      -0.672488
    3.8530      -1.947312      -1.121305      -0.673074
    3.8520      -1.946268      -1.121030      -0.675382
    3.8510      -1.941614      -1.120961      -0.675113
    3.8500      -1.941268      -1.120817      -0.675908
    3.8490      -1.930456      -1.120767      -0.675557
    3.8480      -1.924341      -1.120495      -0.674880
    3.8470      -1.927775      -1.120703      -0.675821
    3.8460      -1.920775      -1.120711      -0.676298
    3.8450      -1.909812      -1.120535      -0.676466
    3.8440      -1.899827      -1.120118      -0.676620
    3.8430      -1.894442      -1.120405      -0.676344
    3.8420      -1.895775      -1.120359      -0.676490
    3.8410      -1.900554      -1.119523      -0.676152
    3.8400      -1.894234      -1.119508      -0.675940
    3.8390      -1.885646      -1.119260      -0.676240
    3.8380      -1.884234      -1.118970      -0.677010
    3.8370      -1.881972      -1.119123      -0.678163
    3.8360      -1.884125      -1.119428      -0.677779
    3.8350      -1.877653      -1.119465      -0.677690
    3.8340      -1.871850      -1.119493      -0.677594
    3.8330      -1.869319      -1.119296      -0.678231
    3.8320      -1.871365      -1.118779      -0.678844
    3.8310      -1.875250      -1.119251      -0.679677
    3.8300      -1.873411      -1.119240      -0.680098
    3.8290      -1.872135      -1.118908      -0.680890
    3.8280      -1.862511      -1.118848      -0.680967
    3.8270      -1.860456      -1.119260      -0.681113
    3.8260      -1.858208      -1.119154      -0.682272
    3.8250      -1.857515      -1.119014      -0.683417
    3.8240      -1.850554      -1.119233      -0.682707
    3.8230      -1.851183      -1.118463      -0.683739
    3.8220      -1.848208      -1.118231      -0.682613
    3.8210      -1.847696      -1.118128      -0.682964
    3.8200      -1.849839      -1.118366      -0.684014
    3.8190      -1.847183      -1.118049      -0.685382
    3.8180      -1.847977      -1.118326      -0.686113
    3.8170      -1.838517      -1.118373      -0.686613
    3.8160      -1.834875      -1.118131      -0.686113
    3.8150      -1.837068      -1.117841      -0.687347
    3.8140      -1.837312      -1.117453      -0.687487
    3.8130      -1.832097      -1.117236      -0.688956
    3.8120      -1.827359      -1.117105      -0.688679
    3.8110      -1.822696      -1.116724      -0.690063
    3.8100      -1.817359      -1.117211      -0.690601
    3.8090      -1.816268      -1.117488      -0.689631
    3.8080      -1.814125      -1.117326      -0.689613
    3.8070      -1.809387      -1.117047      -0.690383
    3.8060      -1.807512      -1.116720      -0.690742
    3.8050      -1.802653      -1.117029      -0.691075
    3.8040      -1.807250      -1.117090      -0.691075
    3.8030      -1.805212      -1.116966      -0.691685
    3.8020      -1.806734      -1.116902      -0.691685
    3.8010      -1.806338      -1.116953      -0.691866
    3.8000      -1.803411      -1.117242      -0.693075
    3.7990      -1.806517      -1.117708      -0.693298
    3.7980      -1.804490      -1.118023      -0.692742
    3.7970      -1.798534      -1.117534      -0.692408
    3.7960      -1.800431      -1.117338      -0.693295
    3.7950      -1.798829      -1.117568      -0.693181
    3.7940      -1.796734      -1.117870      -0.693787
    3.7930      -1.796542      -1.118067      -0.694009
    3.7920      -1.793609      -1.117648      -0.693933
    3.7910      -1.789882      -1.117785      -0.694317
    3.7900      -1.788208      -1.117612      -0.695087
    3.7890      -1.791734      -1.117585      -0.695471
    3.7880      -1.789033      -1.117533      -0.695639
    3.7870      -1.781987      -1.118004      -0.696009
    3.7860      -1.782517      -1.117785      -0.696866
    3.7850      -1.785431      -1.118114      -0.697290
    3.7840      -1.778940      -1.117683      -0.697690
    3.7830      -1.780772      -1.117967      -0.697394
    3.7820      -1.774859      -1.117949      -0.698090
    3.7810      -1.776338      -1.117821      -0.698295
    3.7800      -1.777984      -1.117612      -0.698652
    3.7790      -1.775183      -1.117684      -0.699043
    3.7780      -1.769898      -1.117500      -0.699713
    3.7770      -1.763208      -1.117547      -0.700080
    3.7760      -1.766197      -1.117465      -0.700767
    3.7750      -1.769859      -1.117948      -0.700767
    3.7740      -1.770369      -1.118167      -0.701075
    3.7730      -1.766197      -1.118303      -0.702008
    3.7720      -1.765352      -1.118122      -0.702491
    3.7710      -1.765554      -1.118146      -0.702306
    3.7700      -1.765510      -1.117667      -0.702306
    3.7690      -1.761910      -1.117790      -0.702676
    3.7680      -1.758925      -1.117882      -0.703526
    3.7670      -1.759144      -1.118348      -0.703871
    3.7660      -1.760387      -1.118543      -0.703871
    3.7650      -1.759073      -1.118665      -0.704742
    3.7640      -1.758888      -1.118750      -0.705795
    3.7630      -1.756261      -1.118795      -0.706284
    3.7620      -1.756702      -1.118716      -0.707120
    3.7610      -1.755472      -1.118871      -0.707491
    3.7600      -1.756573      -1.118836      -0.707319
    3.7590      -1.757420      -1.118830      -0.707223
    3.7580      -1.754144      -1.119018      -0.708090
    3.7570      -1.753656      -1.119229      -0.708163
    3.7560      -1.751991      -1.119233      -0.709260
    3.7550      -1.748848      -1.119023      -0.708844
    3.7540      -1.751156      -1.118862      -0.708163
    3.7530      -1.749144      -1.119253      -0.708353
    3.7520      -1.749910      -1.119361      -0.710059
    3.7510      -1.749467      -1.119262      -0.710322
    3.7500      -1.749906      -1.119418      -0.710331
    3.7490      -1.749898      -1.119638      -0.710571
    3.7480      -1.747694      -1.119852      -0.710556
    3.7470      -1.747694      -1.119675      -0.710340
    3.7460      -1.749176      -1.119797      -0.710350
    3.7450      -1.748534      -1.120109      -0.710872
    3.7440      -1.746197      -1.120249      -0.710674
    3.7430      -1.748208      -1.120024      -0.711008
    3.7420      -1.749355      -1.119896      -0.712064
    3.7410      -1.751398      -1.120238      -0.712636
    3.7400      -1.749033      -1.119690      -0.712840
    3.7390      -1.745989      -1.119652      -0.713301
    3.7380      -1.745989      -1.119895      -0.713574
    3.7370      -1.742823      -1.119939      -0.714229
    3.7360      -1.743110      -1.119899      -0.715070
    3.7350      -1.741837      -1.120118      -0.714911
    3.7340      -1.741387      -1.120394      -0.715075
    3.7330      -1.738310      -1.120815      -0.715070
    3.7320      -1.740888      -1.121160      -0.715066
    3.7310      -1.744179      -1.121472      -0.715360
    3.7300      -1.741990      -1.120891      -0.715654
    3.7290      -1.743226      -1.120647      -0.715493
    3.7280      -1.743380      -1.121228      -0.716174
    3.7270      -1.739110      -1.121196      -0.716202
    3.7260      -1.736424      -1.121190      -0.716202
    3.7250      -1.734205      -1.120943      -0.716408
    3.7240      -1.734920      -1.121081      -0.716866
    3.7230      -1.735607      -1.121208      -0.717408
    3.7220      -1.731110      -1.121022      -0.717492
    3.7210      -1.731716      -1.121070      -0.718009
    3.7200      -1.732625      -1.121162      -0.718195
    3.7190      -1.732509      -1.121311      -0.718742
    3.7180      -1.731387      -1.121438      -0.719133
    3.7170      -1.731207      -1.121413      -0.719427
    3.7160      -1.733110      -1.121689      -0.720068
    3.7150      -1.731452      -1.121953      -0.720383
    3.7140      -1.733380      -1.121952      -0.720949
    3.7130      -1.734443      -1.121987      -0.720921
    3.7120      -1.733815      -1.122273      -0.721729
    3.7110      -1.732823      -1.122521      -0.721953
    3.7100      -1.731321      -1.122630      -0.722223
    3.7090      -1.730772      -1.122478      -0.722494
    3.7080      -1.733110      -1.122289      -0.722365
    3.7070      -1.734361      -1.122336      -0.722365
    3.7060      -1.735258      -1.122372      -0.722622
    3.7050      -1.732139      -1.122674      -0.722954
    3.7040      -1.731452      -1.122729      -0.723217
    3.7030      -1.730710      -1.123039      -0.723574
    3.7020      -1.730592      -1.122922      -0.723493
    3.7010      -1.728163      -1.122965      -0.723890
    3.7000      -1.730258      -1.123069      -0.724311
    3.6990      -1.729850      -1.123410      -0.725220
    3.6980      -1.726542      -1.123408      -0.725949
    3.6970      -1.728609      -1.123945      -0.726174
    3.6960      -1.729850      -1.123954      -0.726243
    3.6950      -1.727653      -1.124295      -0.726129
    3.6940      -1.728829      -1.124498      -0.726129
    3.6930      -1.728387      -1.124563      -0.726537
    3.6920      -1.726926      -1.124872      -0.726729
    3.6910      -1.725750      -1.125201      -0.727419
    3.6900      -1.728517      -1.125041      -0.727779
    3.6890      -1.728691      -1.125043      -0.728301
    3.6880      -1.726734      -1.125472      -0.728301
    3.6870      -1.728387      -1.125682      -0.728856
    3.6860      -1.725607      -1.125833      -0.729445
    3.6850      -1.724092      -1.125766      -0.730322
    3.6840      -1.722809      -1.125786      -0.731030
    3.6830      -1.723764      -1.125936      -0.731642
    3.6820      -1.722513      -1.126079      -0.731869
    3.6810      -1.723910      -1.126132      -0.732223
    3.6800      -1.724563      -1.126399      -0.732250
    3.6790      -1.723702      -1.126462      -0.732673
    3.6780      -1.725102      -1.126355      -0.733233
    3.6770      -1.726573      -1.126362      -0.733773
    3.6760      -1.726310      -1.126398      -0.734101
    3.6750      -1.725683      -1.126457      -0.734142
    3.6740      -1.726724      -1.126474      -0.734339
    3.6730      -1.727293      -1.126620      -0.734936
    3.6720      -1.724685      -1.126647      -0.735442
    3.6710      -1.724685      -1.126784      -0.735556
    3.6700      -1.723848      -1.126742      -0.736056
    3.6690      -1.723371      -1.126947      -0.736277
    3.6680      -1.723592      -1.127115      -0.735806
    3.6670      -1.724174      -1.127271      -0.736056
    3.6660      -1.723476      -1.127279      -0.736537
    3.6650      -1.723153      -1.127601      -0.736350
    3.6640      -1.722962      -1.127318      -0.736277
    3.6630      -1.722507      -1.127670      -0.736818
    3.6620      -1.721944      -1.127884      -0.736981
    3.6610      -1.720493      -1.127877      -0.737088
    3.6600      -1.721257      -1.128023      -0.737493
    3.6590      -1.722221      -1.128310      -0.737815
    3.6580      -1.721936      -1.128420      -0.738460
    3.6570      -1.721936      -1.128643      -0.739075
    3.6560      -1.721805      -1.129055      -0.739733
    3.6550      -1.720895      -1.129110      -0.740473
    3.6540      -1.721180      -1.129026      -0.740494
    3.6530      -1.720573      -1.129311      -0.740506
    3.6520      -1.721805      -1.129541      -0.740918
    3.6510      -1.720657      -1.129668      -0.740918
    3.6500      -1.720250      -1.129931      -0.741383
    3.6490      -1.720957      -1.129674      -0.741448
    3.6480      -1.721218      -1.130022      -0.741913
    3.6470      -1.720242      -1.130154      -0.742006
    3.6460      -1.720957      -1.130240      -0.742250
    3.6450      -1.719920      -1.130248      -0.742551
    3.6440      -1.719902      -1.130341      -0.743470
    3.6430      -1.719910      -1.130724      -0.743391
    3.6420      -1.721348      -1.130815      -0.743574
    3.6410      -1.721302      -1.131023      -0.743743
    3.6400      -1.722581      -1.131063      -0.744064
    3.6390      -1.722742      -1.131305      -0.743951
    3.6380      -1.721863      -1.131560      -0.744007
    3.6370      -1.723169      -1.131943      -0.744184
    3.6360      -1.722508      -1.131987      -0.744350
    3.6350      -1.722258      -1.131923      -0.744921
    3.6340      -1.721882      -1.132097      -0.745360
    3.6330      -1.722836      -1.132455      -0.745340
    3.6320      -1.721896      -1.132616      -0.745949
    3.6310      -1.720507      -1.132746      -0.746432
    3.6300      -1.719930      -1.132977      -0.746735
    3.6290      -1.721218      -1.133356      -0.747038
    3.6280      -1.721049      -1.133443      -0.746831
    3.6270      -1.720573      -1.133428      -0.747075
    3.6260      -1.720634      -1.133531      -0.747223
    3.6250      -1.720841      -1.133717      -0.747779
    3.6240      -1.720555      -1.134152      -0.748090
    3.6230      -1.719936      -1.134232      -0.748933
    3.6220      -1.720957      -1.134535      -0.749677
    3.6210      -1.721398      -1.134610      -0.749317
    3.6200      -1.720657      -1.134552      -0.750047
    3.6190      -1.719617      -1.134671      -0.750051
    3.6180      -1.718960      -1.134745      -0.750292
    3.6170      -1.719920      -1.135045      -0.750733
    3.6160      -1.719920      -1.135320      -0.750960
    3.6150      -1.720612      -1.135841      -0.750983
    3.6140      -1.719592      -1.135996      -0.750983
    3.6130      -1.718888      -1.136156      -0.751161
    3.6120      -1.718720      -1.135996      -0.750983
    3.6110      -1.719917      -1.136166      -0.750983
    3.6100      -1.719205      -1.136345      -0.751083
    3.6090      -1.717990      -1.136397      -0.751340
    3.6080      -1.718848      -1.136477      -0.751638
    3.6070      -1.719282      -1.136547      -0.751853
    3.6060      -1.719592      -1.136839      -0.752164
    3.6050      -1.720925      -1.136852      -0.752428
    3.6040      -1.720573      -1.136921      -0.752493
    3.6030      -1.720258      -1.137259      -0.753118
    3.6020      -1.719917      -1.137606      -0.753118
    3.6010      -1.720250      -1.137743      -0.753118
    3.6000      -1.720267      -1.137936      -0.753207
    3.5990      -1.720258      -1.138098      -0.753301
    3.5980      -1.721218      -1.137961      -0.753596
    3.5970      -1.720957      -1.137913      -0.754507
    3.5960      -1.720287      -1.138146      -0.754926
    3.5950      -1.720612      -1.138264      -0.754926
    3.5940      -1.722063      -1.138498      -0.754926
    3.5930      -1.721452      -1.138868      -0.754785
    3.5920      -1.720657      -1.139203      -0.755063
    3.5910      -1.721348      -1.139268      -0.755207
    3.5900      -1.721302      -1.139365      -0.755196
    3.5890      -1.721837      -1.139529      -0.755340
    3.5880      -1.721348      -1.139650      -0.755618
    3.5870      -1.723620      -1.139854      -0.755618
    3.5860      -1.724060      -1.139939      -0.755896
    3.5850      -1.721398      -1.140155      -0.756729
    3.5840      -1.722420      -1.140154      -0.757007
    3.5830      -1.723258      -1.140494      -0.757088
    3.5820      -1.723055      -1.140953      -0.757088
    3.5810      -1.722831      -1.141165      -0.757563
    3.5800      -1.722962      -1.141114      -0.757779
    3.5790      -1.722420      -1.141358      -0.758553
    3.5780      -1.722139      -1.141623      -0.758820
    3.5770      -1.722420      -1.141801      -0.759758
    3.5760      -1.724592      -1.141929      -0.760292
    3.5750      -1.724750      -1.142004      -0.760983
    3.5740      -1.724121      -1.141878      -0.760827
    3.5730      -1.725083      -1.142187      -0.761244
    3.5720      -1.724346      -1.142510      -0.761448
    3.5710      -1.723476      -1.142637      -0.761720
    3.5700      -1.723871      -1.142897      -0.762145
    3.5690      -1.724104      -1.143109      -0.762324
    3.5680      -1.724804      -1.143489      -0.762324
    3.5670      -1.723757      -1.143578      -0.762378
    3.5660      -1.723463      -1.143667      -0.762494
    3.5650      -1.723367      -1.143783      -0.762365
    3.5640      -1.724640      -1.143959      -0.762365
    3.5630      -1.724766      -1.144302      -0.762556
    3.5620      -1.725386      -1.144624      -0.762622
    3.5610      -1.725925      -1.144794      -0.762982
    3.5600      -1.726819      -1.145047      -0.763391
    3.5590      -1.725440      -1.145120      -0.763574
    3.5580      -1.726129      -1.145368      -0.763845
    3.5570      -1.725689      -1.145563      -0.764064
    3.5560      -1.726129      -1.145798      -0.764655
    3.5550      -1.725634      -1.145995      -0.764655
    3.5540      -1.725925      -1.146096      -0.764921
    3.5530      -1.725925      -1.146302      -0.765066
    3.5520      -1.726954      -1.146581      -0.765207
    3.5510      -1.727592      -1.146801      -0.765493
    3.5500      -1.728592      -1.147052      -0.765618
    3.5490      -1.729233      -1.147220      -0.765949
    3.5480      -1.729563      -1.147367      -0.766633
    3.5470      -1.729176      -1.147532      -0.767125
    3.5460      -1.729176      -1.147882      -0.767038
    3.5450      -1.729920      -1.147996      -0.767285
    3.5440      -1.729233      -1.148283      -0.767563
    3.5430      -1.728637      -1.148493      -0.768064
    3.5420      -1.728848      -1.148745      -0.768439
    3.5410      -1.729258      -1.148868      -0.768674
    3.5400      -1.729927      -1.148933      -0.768709
    3.5390      -1.728720      -1.149181      -0.768709
    3.5380      -1.728198      -1.149398      -0.768776
    3.5370      -1.728637      -1.149254      -0.768806
    3.5360      -1.729233      -1.149604      -0.769032
    3.5350      -1.728888      -1.149936      -0.768776
    3.5340      -1.729917      -1.149894      -0.768776
    3.5330      -1.729563      -1.150068      -0.768835
    3.5320      -1.728435      -1.150202      -0.769270
    3.5310      -1.729917      -1.150383      -0.769545
    3.5300      -1.730323      -1.150721      -0.770068
    3.5290      -1.728888      -1.150721      -0.769801
    3.5280      -1.728637      -1.150943      -0.770075
    3.5270      -1.729925      -1.151211      -0.770408
    3.5260      -1.729305      -1.151250      -0.771075
    3.5250      -1.729305      -1.151496      -0.771633
    3.5240      -1.730298      -1.151550      -0.771685
    3.5230      -1.730337      -1.151496      -0.771802
    3.5220      -1.730683      -1.151674      -0.772653
    3.5210      -1.730323      -1.151893      -0.772742
    3.5200      -1.730710      -1.151976      -0.773705
    3.5190      -1.730710      -1.152143      -0.773890
    3.5180      -1.731510      -1.152451      -0.773890
    3.5170      -1.731110      -1.152685      -0.774229
    3.5160      -1.730710      -1.152854      -0.774417
    3.5150      -1.731348      -1.153389      -0.774926
    3.5140      -1.731837      -1.153732      -0.775196
    3.5130      -1.733656      -1.154014      -0.775523
    3.5120      -1.733760      -1.154142      -0.775523
    3.5110      -1.733991      -1.154548      -0.775523
    3.5100      -1.734930      -1.154599      -0.775949
    3.5090      -1.735592      -1.154977      -0.776277
    3.5080      -1.735634      -1.155159      -0.776547
    3.5070      -1.735784      -1.155228      -0.776818
    3.5060      -1.735592      -1.155465      -0.777428
    3.5050      -1.735784      -1.155523      -0.777840
    3.5040      -1.736258      -1.155724      -0.778250
    3.5030      -1.735784      -1.155856      -0.778301
    3.5020      -1.735440      -1.156096      -0.778301
    3.5010      -1.735089      -1.156181      -0.779105
    3.5000      -1.735089      -1.156378      -0.779133
